343.5178527832031,112.3620834350586
351.3048095703125,232.61534118652344
257.1960754394531,267.63385009765625
186.19691467285156,176.80186462402344
166.09799194335938,263.58123779296875
350.98211669921875,323.1420593261719
325.2349548339844,453.6275634765625
361.3060302734375,232.3647003173828
285.1897277832031,259.2178039550781
235.12376403808594,257.1155700683594
221.47067260742188,210.2068328857422
195.52796936035156,200.61593627929688
109.93495178222656,182.07093811035156
240.408447265625,331.29730224609375
400.3346862792969,126.58145141601562
386.87969970703125,194.34979248046875
300.9686279296875,273.6002502441406
176.0050048828125,162.23275756835938
136.04856872558594,250.0475616455078
302.08160400390625,431.86114501953125