T : 30
293.5049133300781,209.8374786376953
309.95941162109375,270.6426086425781
416.7572326660156,164.7106475830078
441.89166259765625,246.1023712158203
293.37725830078125,417.4331359863281
T : 31
298.7506103515625,62.652713775634766
276.4648132324219,149.26657104492188
311.87744140625,267.20367431640625
202.57867431640625,201.37948608398438
149.7666015625,236.04202270507812
298.3126525878906,355.3036804199219
T : 32
321.64569091796875,148.0836944580078
299.7851867675781,245.57583618164062
356.60345458984375,265.9727478027344
246.09800720214844,261.5731506347656
275.5965270996094,270.2823486328125
359.552490234375,241.89352416992188
411.2441101074219,159.1473388671875
415.1083984375,280.53350830078125
286.2845764160156,436.172607421875
T : 33
306.61114501953125,112.66134643554688
286.63360595703125,266.1010437011719
401.0817565917969,190.87210083007812
451.6127014160156,134.89112854003906
401.4020080566406,294.7729797363281
T : 34
283.09942626953125,266.06298828125
398.70465087890625,193.35446166992188
370.1138000488281,202.56874084472656
249.93748474121094,262.729248046875
166.68511962890625,150.40724182128906
114.5827865600586,187.02162170410156
253.40264892578125,339.55633544921875
T : 35
409.2587585449219,97.98497009277344
348.5619812011719,264.4811706542969
213.49082946777344,214.62042236328125
123.63859558105469,223.88433837890625
262.84521484375,356.5241394042969
T : 36
334.4380187988281,156.5344696044922
316.1812438964844,251.04661560058594
388.2108154296875,211.7801055908203
437.53515625,138.51397705078125
423.5146789550781,267.58203125
267.1985168457031,325.2325134277344
245.6865234375,329.7178649902344
368.72320556640625,408.44891357421875
T : 37
185.77195739746094,47.98310852050781
200.79844665527344,117.0193862915039
236.03662109375,246.23435974121094
352.6997985839844,265.9615173339844
284.6028747558594,269.4555358886719
173.88014221191406,163.26394653320312
150.89682006835938,235.24798583984375
298.4738464355469,359.42291259765625
T : 38
301.66497802734375,108.55850982666016
287.5414123535156,242.91360473632812
366.97955322265625,240.78977966308594
450.8636474609375,131.6015167236328
393.62371826171875,309.6027526855469
290.0015869140625,427.8602294921875
T : 39
408.7232360839844,42.54804611206055
448.2228088378906,143.36795043945312
454.53436279296875,223.36607360839844
324.22705078125,336.0065002441406
T : 30
259.7270812988281,206.8643798828125
266.69427490234375,254.2008056640625
352.6485290527344,262.7742919921875
364.22216796875,261.4449768066406
393.0871276855469,207.86524963378906
389.2684326171875,188.16856384277344
411.2882995605469,185.07254028320312
474.659423828125,157.533935546875
377.29559326171875,328.29278564453125
T : 31
279.8174133300781,152.6898651123047
296.7698669433594,208.6478271484375
305.54327392578125,210.94680786132812
342.1354064941406,269.5523986816406
449.3857727050781,143.52984619140625
419.162353515625,259.80535888671875
281.5452880859375,338.0599365234375
T : 32
479.54150390625,32.88495635986328
556.5430297851562,141.5618133544922
531.843017578125,240.29632568359375
465.3287048339844,282.8878479003906
481.6701965332031,300.7857666015625
411.68927001953125,336.777587890625
T : 33
354.2518005371094,123.10614013671875
348.14373779296875,139.53392028808594
365.70428466796875,138.10848999023438
337.523193359375,207.57965087890625
260.3979797363281,266.9841613769531
223.82095336914062,236.54510498046875
216.5224151611328,188.7266082763672
157.7816925048828,145.6995849609375
164.96665954589844,242.0969696044922
287.271484375,344.2707824707031
T : 34
323.864501953125,200.11007690429688
355.8731994628906,211.4204864501953
306.1509704589844,270.7835693359375
193.9253387451172,187.400634765625
131.9303741455078,214.19650268554688
286.4295349121094,344.4349670410156
T : 35
297.2535705566406,58.83272171020508
335.64642333984375,170.12217712402344
323.2366943359375,166.64263916015625
332.0522766113281,166.4659881591797
351.9591979980469,262.9412841796875
253.9995880126953,269.8664855957031
236.03419494628906,257.7768859863281
305.6567077636719,270.4622802734375
391.8928527832031,211.927490234375
478.1304626464844,164.81558227539062
367.9679260253906,333.4234619140625
T : 36
266.382080078125,260.3656311035156
381.1421813964844,220.223876953125
460.9185791015625,150.23593139648438
352.6398620605469,332.6518859863281
T : 37
269.89788818359375,204.72113037109375
327.0351257324219,264.3887023925781
382.11932373046875,223.46495056152344
479.3309020996094,157.13059997558594
373.2661437988281,331.30487060546875
T : 38
291.4705505371094,277.25616455078125
388.43414306640625,211.79098510742188
341.0923156738281,212.08560180664062
298.47760009765625,222.76979064941406
348.9403991699219,267.9901123046875
391.7936706542969,213.09071350097656
418.9178771972656,173.1653594970703
344.2644348144531,208.1009521484375
234.47390747070312,243.14935302734375
108.30125427246094,155.98793029785156
237.00167846679688,332.4442138671875
T : 39
322.99029541015625,137.1480712890625
325.1139831542969,136.41357421875
304.0318908691406,248.35769653320312
371.10406494140625,235.04180908203125
347.2501220703125,213.10183715820312
333.13470458984375,270.9674987792969
301.47601318359375,269.6424865722656
174.08238220214844,162.8942413330078
246.34701538085938,261.26513671875
359.8102722167969,255.47586059570312
238.6876678466797,243.3556365966797
166.99569702148438,164.91802978515625
180.4779052734375,146.59146118164062
118.58795928955078,194.89376831054688
242.28321838378906,331.91314697265625